0.000000 -0.000216693
0.002778 -0.000186693
0.005556 -0.000096693
0.008333 0.000038307
0.011111 0.000183307
0.013889 0.000383307
0.016667 0.000618307
0.019444 0.000898307
0.022222 0.001128307
0.025000 0.001263307
0.027778 0.001238307
0.030556 0.001093307
0.033333 0.000763307
0.036111 0.000338307
0.038889 0.000023307
0.041667 -0.000126693
0.044444 -0.000151693
0.047222 -0.000106693
0.050000 -0.000061693
0.052778 -0.000041693
0.055556 -0.000041693
0.058333 -0.000051693
0.061111 -0.000061693
0.063889 -0.000061693
0.066667 -0.000056693
0.069444 -0.000051693
0.072222 -0.000046693
0.075000 -0.000051693
0.077778 -0.000066693
0.080556 -0.000066693
0.083333 -0.000056693
0.086111 -0.000051693
0.088889 -0.000051693
0.091667 -0.000066693
0.094444 -0.000076693
0.097222 -0.000066693
0.100000 -0.000066693
0.102778 -0.000071693
0.105556 -0.000066693
0.108333 -0.000076693
0.111111 -0.000091693
0.113889 -0.000081693
0.116667 -0.000076693
0.119444 -0.000061693
0.122222 -0.000076693
0.125000 -0.000076693
0.127778 -0.000081693
0.130556 -0.000081693
0.133333 -0.000076693
0.136111 -0.000071693
0.138889 -0.000071693
0.141667 -0.000076693
0.144444 -0.000086693
0.147222 -0.000071693
0.150000 -0.000066693
0.152778 -0.000056693
0.155556 -0.000056693
0.158333 -0.000061693
0.161111 -0.000071693
0.163889 -0.000066693
0.166667 -0.000051693
0.169444 -0.000051693
0.172222 -0.000051693
0.175000 -0.000056693
0.177778 -0.000066693
0.180556 -0.000051693
0.183333 -0.000071693
0.186111 -0.000056693
0.188889 -0.000051693
0.191667 -0.000061693
0.194444 -0.000071693
0.197222 -0.000071693
0.200000 -0.000066693
0.202778 -0.000056693
0.205556 -0.000056693
0.208333 -0.000066693
0.211111 -0.000076693
0.213889 -0.000071693
0.216667 -0.000066693
0.219444 -0.000056693
0.222222 -0.000061693
0.225000 -0.000066693
0.227778 -0.000071693
0.230556 -0.000061693
0.233333 -0.000061693
0.236111 -0.000051693
0.238889 -0.000051693
0.241667 -0.000046693
0.244444 -0.000071693
0.247222 -0.000046693
0.250000 -0.000046693
0.252778 -0.000041693
0.255556 -0.000056693
0.258333 -0.000061693
0.261111 -0.000081693
0.263889 -0.000071693
0.266667 -0.000056693
0.269444 -0.000056693
0.272222 -0.000051693
0.275000 -0.000066693
0.277778 -0.000071693
0.280556 -0.000071693
0.283333 -0.000071693
0.286111 -0.000071693
0.288889 -0.000056693
0.291667 -0.000066693
0.294444 -0.000076693
0.297222 -0.000061693
0.300000 -0.000051693
0.302778 -0.000056693
0.305556 -0.000056693
0.308333 -0.000071693
0.311111 -0.000086693
0.313889 -0.000056693
0.316667 -0.000051693
0.319444 -0.000041693
0.322222 -0.000056693
0.325000 -0.000066693
0.327778 -0.000061693
0.330556 -0.000051693
0.333333 -0.000041693
0.336111 -0.000026693
0.338889 -0.000026693
0.341667 -0.000011693
0.344444 -0.000011693
0.347222 0.000003307
0.350000 0.000008307
0.352778 0.000023307
0.355556 0.000033307
0.358333 0.000033307
0.361111 0.000023307
0.363889 0.000038307
0.366667 0.000048307
0.369444 0.000038307
0.372222 0.000038307
0.375000 0.000038307
0.377778 0.000028307
0.380556 0.000028307
0.383333 0.000038307
0.386111 0.000043307
0.388889 0.000038307
0.391667 0.000033307
0.394444 0.000028307
0.397222 0.000028307
0.400000 0.000038307
0.402778 0.000038307
0.405556 0.000033307
0.408333 0.000028307
0.411111 0.000018307
0.413889 0.000023307
0.416667 0.000033307
0.419444 0.000038307
0.422222 0.000033307
0.425000 0.000033307
0.427778 0.000023307
0.430556 0.000033307
0.433333 0.000038307
0.436111 0.000043307
0.438889 0.000038307
0.441667 0.000028307
0.444444 0.000008307
0.447222 0.000013307
0.450000 0.000033307
0.452778 0.000048307
0.455556 0.000048307
0.458333 0.000043307
0.461111 0.000033307
0.463889 0.000033307
0.466667 0.000048307
0.469444 0.000053307
0.472222 0.000053307
0.475000 0.000053307
0.477778 0.000038307
0.480556 0.000053307
0.483333 0.000073307
0.486111 0.000083307
0.488889 0.000083307
0.491667 0.000068307
0.494444 0.000068307
0.497222 0.000073307
0.500000 0.000103307
0.502778 0.000098307
0.505556 0.000073307
0.508333 0.000063307
0.511111 0.000088307
0.513889 0.000113307
0.516667 0.000108307
0.519444 0.000098307
0.522222 0.000088307
0.525000 0.000078307
0.527778 0.000078307
0.530556 0.000073307
0.533333 0.000068307
0.536111 0.000048307
0.538889 0.000033307
0.541667 0.000003307
0.544444 -0.000001693
0.547222 -0.000001693
0.550000 0.000008307
0.552778 -0.000011693
0.555556 -0.000021693
0.558333 -0.000026693
0.561111 -0.000041693
0.563889 -0.000046693
0.566667 -0.000041693
0.569444 -0.000031693
0.572222 -0.000036693
0.575000 -0.000056693
0.577778 -0.000066693
0.580556 -0.000056693
0.583333 -0.000051693
0.586111 -0.000046693
0.588889 -0.000046693
0.591667 -0.000051693
0.594444 -0.000061693
0.597222 -0.000041693
0.600000 -0.000031693
0.602778 -0.000036693
0.605556 -0.000036693
0.608333 -0.000031693
0.611111 -0.000046693
0.613889 -0.000031693
0.616667 -0.000031693
0.619444 -0.000021693
0.622222 -0.000036693
0.625000 -0.000031693
0.627778 -0.000056693
0.630556 -0.000046693
0.633333 -0.000056693
0.636111 -0.000081693
0.638889 -0.000111693
0.641667 -0.000156693
0.644444 -0.000201693
0.647222 -0.000201693
0.650000 -0.000231693
0.652778 -0.000251693
0.655556 -0.000221693
0.658333 -0.000126693
0.661111 0.000013307
0.663889 0.000178307
0.666667 0.000343307
0.669444 0.000578307
0.672222 0.000828307
0.675000 0.001053307
0.677778 0.001163307
0.680556 0.001193307
0.683333 0.001053307
0.686111 0.000718307
0.688889 0.000293307
0.691667 -0.000016693
0.694444 -0.000161693
0.697222 -0.000151693
0.700000 -0.000096693
0.702778 -0.000056693
0.705556 -0.000046693
0.708333 -0.000066693
0.711111 -0.000081693
0.713889 -0.000061693
0.716667 -0.000071693
0.719444 -0.000056693
0.722222 -0.000066693
0.725000 -0.000076693
0.727778 -0.000086693
0.730556 -0.000071693
0.733333 -0.000061693
0.736111 -0.000066693
0.738889 -0.000066693
0.741667 -0.000076693
0.744444 -0.000081693
0.747222 -0.000086693
0.750000 -0.000081693
0.752778 -0.000071693
0.755556 -0.000071693
0.758333 -0.000076693
0.761111 -0.000081693
0.763889 -0.000071693
0.766667 -0.000066693
0.769444 -0.000071693
0.772222 -0.000066693
0.775000 -0.000091693
0.777778 -0.000101693
0.780556 -0.000086693
0.783333 -0.000091693
0.786111 -0.000071693
0.788889 -0.000071693
0.791667 -0.000071693
0.794444 -0.000081693
0.797222 -0.000081693
0.800000 -0.000071693
0.802778 -0.000056693
0.805556 -0.000061693
0.808333 -0.000076693
0.811111 -0.000081693
0.813889 -0.000071693
0.816667 -0.000081693
0.819444 -0.000071693
0.822222 -0.000076693
0.825000 -0.000091693
0.827778 -0.000096693
0.830556 -0.000086693
0.833333 -0.000066693
0.836111 -0.000066693
0.838889 -0.000061693
0.841667 -0.000081693
0.844444 -0.000081693
0.847222 -0.000076693
0.850000 -0.000071693
0.852778 -0.000061693
0.855556 -0.000056693
0.858333 -0.000076693
0.861111 -0.000076693
0.863889 -0.000066693
0.866667 -0.000061693
0.869444 -0.000056693
0.872222 -0.000066693
0.875000 -0.000071693
0.877778 -0.000081693
0.880556 -0.000081693
0.883333 -0.000066693
0.886111 -0.000061693
0.888889 -0.000076693
0.891667 -0.000071693
0.894444 -0.000081693
0.897222 -0.000076693
0.900000 -0.000066693
0.902778 -0.000061693
0.905556 -0.000066693
0.908333 -0.000076693
0.911111 -0.000086693
0.913889 -0.000081693
0.916667 -0.000071693
0.919444 -0.000061693
0.922222 -0.000061693
0.925000 -0.000066693
0.927778 -0.000086693
0.930556 -0.000076693
0.933333 -0.000081693
0.936111 -0.000071693
0.938889 -0.000081693
0.941667 -0.000086693
0.944444 -0.000106693
0.947222 -0.000101693
0.950000 -0.000086693
0.952778 -0.000081693
0.955556 -0.000086693
0.958333 -0.000086693
0.961111 -0.000096693
0.963889 -0.000081693
0.966667 -0.000071693
0.969444 -0.000061693
0.972222 -0.000066693
0.975000 -0.000076693
0.977778 -0.000086693
0.980556 -0.000071693
0.983333 -0.000051693
0.986111 -0.000051693
0.988889 -0.000051693
0.991667 -0.000066693
0.994444 -0.000051693
0.997222 -0.000036693
1.000000 -0.000026693
1.002778 -0.000021693
1.005556 -0.000016693
1.008333 -0.000021693
1.011111 -0.000036693
1.013889 -0.000016693
1.016667 -0.000006693
1.019444 0.000008307
1.022222 0.000013307
1.025000 0.000013307
1.027778 -0.000001693
1.030556 0.000003307
1.033333 0.000008307
1.036111 0.000013307
1.038889 0.000013307
1.041667 -0.000011693
1.044444 -0.000006693
1.047222 -0.000026693
1.050000 -0.000006693
1.052778 0.000003307
1.055556 0.000003307
1.058333 0.000013307
1.061111 0.000008307
1.063889 0.000008307
1.066667 0.000018307
1.069444 0.000013307
1.072222 0.000013307
1.075000 0.000003307
1.077778 -0.000001693
1.080556 -0.000006693
1.083333 0.000003307
1.086111 0.000013307
1.088889 0.000003307
1.091667 -0.000006693
1.094444 -0.000006693
1.097222 -0.000011693
1.100000 0.000003307
1.102778 0.000003307
1.105556 0.000008307
1.108333 -0.000011693
1.111111 -0.000021693
1.113889 -0.000016693
1.116667 -0.000011693
1.119444 -0.000026693
1.122222 -0.000036693
1.125000 -0.000046693
1.127778 -0.000051693
1.130556 -0.000026693
1.133333 -0.000021693
1.136111 -0.000021693
1.138889 -0.000026693
1.141667 -0.000041693
1.144444 -0.000046693
1.147222 -0.000041693
1.150000 -0.000041693
1.152778 -0.000026693
1.155556 -0.000036693
1.158333 -0.000046693
1.161111 -0.000031693
1.163889 -0.000041693
1.166667 -0.000031693
1.169444 -0.000021693
1.172222 -0.000026693
1.175000 -0.000036693
1.177778 -0.000051693
1.180556 -0.000031693
1.183333 -0.000031693
1.186111 -0.000031693
1.188889 -0.000026693
1.191667 -0.000031693
1.194444 -0.000036693
1.197222 -0.000041693
1.200000 -0.000026693
1.202778 -0.000036693
1.205556 -0.000031693
1.208333 -0.000041693
1.211111 -0.000051693
1.213889 -0.000036693
1.216667 -0.000036693
1.219444 -0.000031693
1.222222 -0.000036693
1.225000 -0.000041693
1.227778 -0.000071693
1.230556 -0.000066693
1.233333 -0.000041693
1.236111 -0.000041693
1.238889 -0.000051693
1.241667 -0.000051693
1.244444 -0.000071693
1.247222 -0.000056693
1.250000 -0.000051693
1.252778 -0.000031693
1.255556 -0.000021693
1.258333 -0.000026693
1.261111 -0.000041693
1.263889 -0.000041693
1.266667 -0.000031693
1.269444 -0.000031693
1.272222 -0.000016693
1.275000 -0.000041693
1.277778 -0.000046693
1.280556 -0.000046693
1.283333 -0.000041693
1.286111 -0.000041693
1.288889 -0.000046693
1.291667 -0.000056693
1.294444 -0.000066693
1.297222 -0.000066693
1.300000 -0.000046693
1.302778 -0.000051693
1.305556 -0.000056693
1.308333 -0.000051693
1.311111 -0.000056693
1.313889 -0.000046693
1.316667 -0.000036693
1.319444 -0.000036693
1.322222 -0.000041693
1.325000 -0.000046693
1.327778 -0.000051693
1.330556 -0.000041693
1.333333 -0.000031693
1.336111 -0.000021693
1.338889 -0.000026693
1.341667 -0.000021693
1.344444 -0.000031693
1.347222 -0.000026693
1.350000 -0.000031693
1.352778 -0.000041693
1.355556 -0.000031693
1.358333 -0.000041693
1.361111 -0.000051693
1.363889 -0.000041693
1.366667 -0.000041693
1.369444 -0.000036693
1.372222 -0.000041693
1.375000 -0.000056693
1.377778 -0.000056693
1.380556 -0.000051693
1.383333 -0.000031693
1.386111 -0.000036693
1.388889 -0.000041693
1.391667 -0.000046693
1.394444 -0.000056693
1.397222 -0.000051693
1.400000 -0.000046693
1.402778 -0.000041693
1.405556 -0.000036693
1.408333 -0.000041693
1.411111 -0.000041693
1.413889 -0.000031693
1.416667 -0.000021693
1.419444 -0.000026693
1.422222 -0.000026693
1.425000 -0.000036693
1.427778 -0.000041693
1.430556 -0.000041693
1.433333 -0.000046693
1.436111 -0.000026693
1.438889 -0.000036693
1.441667 -0.000031693
1.444444 -0.000041693
1.447222 -0.000036693
1.450000 -0.000041693
1.452778 -0.000026693
1.455556 -0.000016693
1.458333 -0.000011693
1.461111 -0.000011693
1.463889 0.000008307
1.466667 0.000013307
1.469444 0.000018307
1.472222 0.000013307
1.475000 0.000023307
1.477778 0.000013307
1.480556 0.000033307
1.483333 0.000043307
1.486111 0.000053307
1.488889 0.000063307
1.491667 0.000063307
1.494444 0.000058307
1.497222 0.000053307
1.500000 0.000063307
1.502778 0.000063307
1.505556 0.000058307
1.508333 0.000038307
1.511111 0.000028307
1.513889 0.000038307
1.516667 0.000048307
1.519444 0.000063307
1.522222 0.000043307
1.525000 0.000028307
1.527778 -0.000001693
1.530556 0.000018307
1.533333 0.000023307
1.536111 0.000048307
1.538889 0.000053307
1.541667 0.000048307
1.544444 0.000033307
1.547222 0.000018307
1.550000 0.000008307
1.552778 0.000003307
1.555556 -0.000001693
1.558333 -0.000031693
1.561111 -0.000051693
1.563889 -0.000046693
1.566667 -0.000046693
1.569444 -0.000046693
1.572222 -0.000051693
1.575000 -0.000051693
1.577778 -0.000051693
1.580556 -0.000061693
1.583333 -0.000041693
1.586111 -0.000056693
1.588889 -0.000056693
1.591667 -0.000081693
1.594444 -0.000101693
1.597222 -0.000086693
1.600000 -0.000081693
1.602778 -0.000066693
1.605556 -0.000061693
1.608333 -0.000081693
1.611111 -0.000096693
1.613889 -0.000086693
1.616667 -0.000076693
1.619444 -0.000076693
1.622222 -0.000076693
1.625000 -0.000091693
1.627778 -0.000111693
1.630556 -0.000121693
1.633333 -0.000136693
1.636111 -0.000171693
1.638889 -0.000166693
1.641667 -0.000201693
1.644444 -0.000251693
1.647222 -0.000256693
1.650000 -0.000206693
1.652778 -0.000101693
1.655556 0.000013307
1.658333 0.000128307
1.661111 0.000298307
1.663889 0.000538307
1.666667 0.000803307
1.669444 0.001033307
1.672222 0.001163307
1.675000 0.001203307
1.677778 0.001108307
1.680556 0.000878307
1.683333 0.000543307
1.686111 0.000248307
1.688889 0.000033307
1.691667 -0.000106693
1.694444 -0.000181693
1.697222 -0.000231693
1.700000 -0.000216693
1.702778 -0.000181693
1.705556 -0.000146693
1.708333 -0.000131693
1.711111 -0.000131693
1.713889 -0.000116693
1.716667 -0.000101693
1.719444 -0.000091693
1.722222 -0.000091693
1.725000 -0.000096693
1.727778 -0.000101693
1.730556 -0.000106693
1.733333 -0.000101693
1.736111 -0.000111693
1.738889 -0.000111693
1.741667 -0.000121693
1.744444 -0.000131693
1.747222 -0.000131693
1.750000 -0.000111693
1.752778 -0.000111693
1.755556 -0.000111693
1.758333 -0.000126693
1.761111 -0.000126693
1.763889 -0.000121693
1.766667 -0.000106693
1.769444 -0.000111693
1.772222 -0.000111693
1.775000 -0.000106693
1.777778 -0.000126693
1.780556 -0.000126693
1.783333 -0.000111693
1.786111 -0.000116693
1.788889 -0.000116693
1.791667 -0.000126693
1.794444 -0.000126693
1.797222 -0.000116693
1.800000 -0.000111693
1.802778 -0.000106693
1.805556 -0.000111693
1.808333 -0.000111693
1.811111 -0.000121693
1.813889 -0.000101693
1.816667 -0.000111693
1.819444 -0.000106693
1.822222 -0.000111693
1.825000 -0.000121693
1.827778 -0.000121693
1.830556 -0.000111693
1.833333 -0.000111693
1.836111 -0.000096693
1.838889 -0.000106693
1.841667 -0.000111693
1.844444 -0.000136693
1.847222 -0.000126693
1.850000 -0.000126693
1.852778 -0.000111693
1.855556 -0.000111693
1.858333 -0.000121693
1.861111 -0.000121693
1.863889 -0.000116693
1.866667 -0.000111693
1.869444 -0.000096693
1.872222 -0.000096693
1.875000 -0.000106693
1.877778 -0.000106693
1.880556 -0.000101693
1.883333 -0.000086693
1.886111 -0.000086693
1.888889 -0.000096693
1.891667 -0.000096693
1.894444 -0.000106693
1.897222 -0.000111693
1.900000 -0.000086693
1.902778 -0.000086693
1.905556 -0.000086693
1.908333 -0.000086693
1.911111 -0.000111693
1.913889 -0.000096693
1.916667 -0.000091693
1.919444 -0.000096693
1.922222 -0.000111693
1.925000 -0.000126693
1.927778 -0.000146693
1.930556 -0.000141693
1.933333 -0.000131693
1.936111 -0.000136693
1.938889 -0.000141693
1.941667 -0.000146693
1.944444 -0.000166693
1.947222 -0.000176693
1.950000 -0.000156693
1.952778 -0.000171693
1.955556 -0.000181693
1.958333 -0.000176693
1.961111 -0.000196693
1.963889 -0.000181693
1.966667 -0.000166693
1.969444 -0.000171693
1.972222 -0.000166693
1.975000 -0.000181693
1.977778 -0.000181693
1.980556 -0.000171693
1.983333 -0.000161693
1.986111 -0.000141693
1.988889 -0.000141693
1.991667 -0.000151693
1.994444 -0.000146693
1.997222 -0.000121693
2.000000 -0.000111693
2.002778 -0.000106693
2.005556 -0.000091693
2.008333 -0.000091693
2.011111 -0.000081693
2.013889 -0.000071693
2.016667 -0.000061693
2.019444 -0.000036693
2.022222 -0.000031693
2.025000 -0.000036693
2.027778 -0.000031693
2.030556 -0.000021693
2.033333 -0.000011693
2.036111 -0.000006693
2.038889 0.000013307
2.041667 -0.000001693
2.044444 0.000003307
2.047222 0.000013307
2.050000 0.000018307
2.052778 0.000013307
2.055556 0.000013307
2.058333 0.000008307
2.061111 -0.000011693
2.063889 0.000008307
2.066667 0.000003307
2.069444 0.000003307
2.072222 -0.000001693
2.075000 -0.000006693
2.077778 -0.000006693
2.080556 -0.000006693
2.083333 0.000008307
2.086111 0.000008307
2.088889 0.000003307
2.091667 -0.000006693
2.094444 -0.000011693
2.097222 -0.000006693
2.100000 -0.000006693
2.102778 0.000003307
2.105556 -0.000001693
2.108333 -0.000011693
2.111111 -0.000016693
2.113889 -0.000011693
2.116667 0.000003307
2.119444 -0.000001693
2.122222 -0.000001693
2.125000 -0.000016693
2.127778 -0.000016693
2.130556 -0.000006693
2.133333 -0.000006693
2.136111 -0.000001693
2.138889 -0.000001693
2.141667 -0.000006693
2.144444 -0.000031693
2.147222 -0.000026693
2.150000 -0.000026693
2.152778 -0.000016693
2.155556 -0.000026693
2.158333 -0.000036693
2.161111 -0.000036693
2.163889 -0.000036693
2.166667 -0.000026693
2.169444 -0.000016693
2.172222 -0.000016693
2.175000 -0.000026693
2.177778 -0.000036693
2.180556 -0.000021693
2.183333 -0.000016693
2.186111 -0.000011693
2.188889 -0.000016693
2.191667 -0.000026693
2.194444 -0.000031693
2.197222 -0.000031693
2.200000 -0.000021693
2.202778 -0.000016693
2.205556 -0.000011693
2.208333 -0.000041693
2.211111 -0.000036693
2.213889 -0.000026693
2.216667 -0.000016693
2.219444 -0.000026693
2.222222 -0.000031693
2.225000 -0.000041693
2.227778 -0.000061693
2.230556 -0.000051693
2.233333 -0.000026693
2.236111 -0.000026693
2.238889 -0.000031693
2.241667 -0.000036693
2.244444 -0.000046693
2.247222 -0.000041693
2.250000 -0.000026693
2.252778 -0.000026693
2.255556 -0.000031693
2.258333 -0.000041693
2.261111 -0.000041693
2.263889 -0.000031693
2.266667 -0.000036693
2.269444 -0.000021693
2.272222 -0.000026693
2.275000 -0.000036693
2.277778 -0.000036693
2.280556 -0.000036693
2.283333 -0.000021693
2.286111 -0.000021693
2.288889 -0.000026693
2.291667 -0.000046693
2.294444 -0.000051693
2.297222 -0.000031693
2.300000 -0.000011693
2.302778 -0.000001693
2.305556 0.000003307
2.308333 0.000023307
2.311111 0.000013307
2.313889 0.000023307
2.316667 0.000018307
2.319444 0.000033307
2.322222 0.000043307
2.325000 0.000058307
2.327778 0.000043307
2.330556 0.000053307
2.333333 0.000058307
2.336111 0.000068307
2.338889 0.000073307
2.341667 0.000063307
2.344444 0.000053307
2.347222 0.000058307
2.350000 0.000058307
2.352778 0.000068307
2.355556 0.000058307
2.358333 0.000038307
2.361111 0.000038307
2.363889 0.000043307
2.366667 0.000033307
2.369444 0.000038307
2.372222 0.000063307
2.375000 0.000073307
2.377778 0.000073307
2.380556 0.000058307
2.383333 0.000033307
2.386111 0.000028307
2.388889 0.000018307
2.391667 -0.000001693
2.394444 -0.000016693
2.397222 -0.000036693
2.400000 -0.000031693
2.402778 -0.000036693
2.405556 -0.000036693
2.408333 -0.000056693
2.411111 -0.000066693
2.413889 -0.000061693
2.416667 -0.000041693
2.419444 -0.000031693
2.422222 -0.000041693
2.425000 -0.000046693
2.427778 -0.000051693
2.430556 -0.000051693
2.433333 -0.000046693
2.436111 -0.000041693
2.438889 -0.000046693
2.441667 -0.000051693
2.444444 -0.000066693
2.447222 -0.000066693
2.450000 -0.000046693
2.452778 -0.000041693
2.455556 -0.000061693
2.458333 -0.000066693
2.461111 -0.000076693
2.463889 -0.000076693
2.466667 -0.000066693
2.469444 -0.000061693
2.472222 -0.000076693
2.475000 -0.000106693
2.477778 -0.000146693
2.480556 -0.000181693
2.483333 -0.000196693
2.486111 -0.000211693
2.488889 -0.000241693
2.491667 -0.000266693
2.494444 -0.000211693
2.497222 -0.000091693
2.500000 0.000063307
2.502778 0.000213307
2.505556 0.000423307
2.508333 0.000673307
2.511111 0.000918307
2.513889 0.001128307
2.516667 0.001208307
2.519444 0.001148307
2.522222 0.000898307
2.525000 0.000503307
2.527778 0.000113307
2.530556 -0.000131693
2.533333 -0.000206693
2.536111 -0.000176693
2.538889 -0.000146693
2.541667 -0.000116693
2.544444 -0.000096693
2.547222 -0.000096693
2.550000 -0.000096693
2.552778 -0.000081693
2.555556 -0.000076693
2.558333 -0.000086693
2.561111 -0.000106693
2.563889 -0.000116693
2.566667 -0.000096693
2.569444 -0.000096693
2.572222 -0.000096693
2.575000 -0.000096693
2.577778 -0.000111693
2.580556 -0.000101693
2.583333 -0.000091693
2.586111 -0.000086693
2.588889 -0.000101693
2.591667 -0.000091693
2.594444 -0.000101693
2.597222 -0.000081693
2.600000 -0.000076693
2.602778 -0.000066693
2.605556 -0.000081693
2.608333 -0.000081693
2.611111 -0.000081693
2.613889 -0.000081693
2.616667 -0.000076693
2.619444 -0.000081693
2.622222 -0.000081693
2.625000 -0.000081693
2.627778 -0.000091693
2.630556 -0.000076693
2.633333 -0.000091693
2.636111 -0.000081693
2.638889 -0.000076693
2.641667 -0.000086693
2.644444 -0.000091693
2.647222 -0.000096693
2.650000 -0.000086693
2.652778 -0.000081693
2.655556 -0.000076693
2.658333 -0.000086693
2.661111 -0.000096693
2.663889 -0.000086693
2.666667 -0.000096693
2.669444 -0.000091693
2.672222 -0.000086693
2.675000 -0.000086693
2.677778 -0.000091693
2.680556 -0.000086693
2.683333 -0.000081693
2.686111 -0.000076693
2.688889 -0.000086693
2.691667 -0.000086693
2.694444 -0.000081693
2.697222 -0.000076693
2.700000 -0.000071693
2.702778 -0.000076693
2.705556 -0.000071693
2.708333 -0.000076693
2.711111 -0.000101693
2.713889 -0.000096693
2.716667 -0.000086693
2.719444 -0.000081693
2.722222 -0.000081693
2.725000 -0.000096693
2.727778 -0.000101693
2.730556 -0.000091693
2.733333 -0.000076693
2.736111 -0.000081693
2.738889 -0.000086693
2.741667 -0.000096693
2.744444 -0.000116693
2.747222 -0.000096693
2.750000 -0.000096693
2.752778 -0.000081693
2.755556 -0.000086693
2.758333 -0.000101693
2.761111 -0.000111693
2.763889 -0.000106693
2.766667 -0.000091693
2.769444 -0.000091693
2.772222 -0.000086693
2.775000 -0.000096693
2.777778 -0.000106693
2.780556 -0.000106693
2.783333 -0.000101693
2.786111 -0.000091693
2.788889 -0.000091693
2.791667 -0.000101693
2.794444 -0.000111693
2.797222 -0.000106693
2.800000 -0.000101693
2.802778 -0.000086693
2.805556 -0.000096693
2.808333 -0.000091693
2.811111 -0.000091693
2.813889 -0.000066693
2.816667 -0.000051693
2.819444 -0.000041693
2.822222 -0.000031693
2.825000 -0.000031693
2.827778 -0.000031693
2.830556 -0.000016693
2.833333 -0.000001693
2.836111 0.000013307
2.838889 0.000003307
2.841667 0.000003307
2.844444 -0.000001693
2.847222 0.000013307
2.850000 0.000013307
2.852778 0.000023307
2.855556 0.000028307
2.858333 0.000023307
2.861111 0.000023307
2.863889 0.000033307
2.866667 0.000033307
2.869444 0.000048307
2.872222 0.000038307
2.875000 0.000038307
2.877778 0.000023307
2.880556 0.000038307
2.883333 0.000033307
2.886111 0.000043307
2.888889 0.000033307
2.891667 0.000023307
2.894444 0.000013307
2.897222 0.000023307
2.900000 0.000033307
2.902778 0.000033307
2.905556 0.000028307
2.908333 0.000018307
2.911111 0.000008307
2.913889 0.000023307
2.916667 0.000018307
2.919444 0.000028307
2.922222 0.000033307
2.925000 0.000013307
2.927778 0.000008307
2.930556 0.000018307
2.933333 0.000023307
2.936111 0.000013307
2.938889 0.000018307
2.941667 0.000013307
2.944444 -0.000001693
2.947222 -0.000001693
2.950000 0.000008307
2.952778 0.000018307
2.955556 0.000008307
2.958333 -0.000001693
2.961111 -0.000021693
2.963889 -0.000011693
2.966667 0.000008307
2.969444 0.000003307
2.972222 -0.000006693
2.975000 -0.000006693
2.977778 -0.000026693
2.980556 -0.000011693
2.983333 -0.000001693
2.986111 -0.000001693
2.988889 -0.000016693
2.991667 -0.000016693
2.994444 -0.000036693
2.997222 -0.000021693
3.000000 -0.000001693
3.002778 0.000003307
3.005556 -0.000011693
3.008333 -0.000021693
3.011111 -0.000021693
3.013889 -0.000031693
3.016667 -0.000011693
3.019444 -0.000011693
3.022222 -0.000021693
3.025000 -0.000031693
3.027778 -0.000036693
3.030556 -0.000026693
3.033333 -0.000016693
3.036111 -0.000016693
3.038889 -0.000021693
3.041667 -0.000021693
3.044444 -0.000026693
3.047222 -0.000016693
3.050000 -0.000016693
3.052778 -0.000006693
3.055556 -0.000006693
3.058333 -0.000016693
3.061111 -0.000021693
3.063889 -0.000021693
3.066667 -0.000001693
3.069444 0.000003307
3.072222 -0.000001693
3.075000 -0.000016693
3.077778 -0.000016693
3.080556 -0.000001693
3.083333 -0.000006693
3.086111 0.000003307
3.088889 -0.000001693
3.091667 -0.000001693
3.094444 -0.000026693
3.097222 -0.000016693
3.100000 -0.000001693
3.102778 0.000008307
3.105556 -0.000001693
3.108333 -0.000001693
3.111111 -0.000021693
3.113889 -0.000011693
3.116667 -0.000001693
3.119444 0.000008307
3.122222 0.000008307
3.125000 0.000008307
3.127778 0.000023307
3.130556 0.000038307
3.133333 0.000063307
3.136111 0.000068307
3.138889 0.000068307
3.141667 0.000063307
3.144444 0.000058307
3.147222 0.000078307
3.150000 0.000098307
3.152778 0.000088307
3.155556 0.000088307
3.158333 0.000103307
3.161111 0.000098307
3.163889 0.000093307
3.166667 0.000088307
3.169444 0.000088307
3.172222 0.000083307
3.175000 0.000073307
3.177778 0.000063307
3.180556 0.000078307
3.183333 0.000083307
3.186111 0.000073307
3.188889 0.000083307
3.191667 0.000088307
3.194444 0.000098307
3.197222 0.000123307
3.200000 0.000098307
3.202778 0.000073307
3.205556 0.000058307
3.208333 0.000048307
3.211111 0.000028307
3.213889 0.000018307
3.216667 0.000013307
3.219444 0.000013307
3.222222 -0.000001693
3.225000 -0.000011693
3.227778 -0.000031693
3.230556 -0.000031693
3.233333 -0.000016693
3.236111 -0.000016693
3.238889 -0.000016693
3.241667 -0.000021693
3.244444 -0.000031693
3.247222 -0.000031693
3.250000 -0.000026693
3.252778 -0.000016693
3.255556 -0.000026693
3.258333 -0.000036693
3.261111 -0.000051693
3.263889 -0.000031693
3.266667 -0.000026693
3.269444 -0.000016693
3.272222 -0.000016693
3.275000 -0.000016693
3.277778 -0.000036693
3.280556 -0.000036693
3.283333 -0.000026693
3.286111 -0.000036693
3.288889 -0.000076693
3.291667 -0.000131693
3.294444 -0.000161693
3.297222 -0.000186693
3.300000 -0.000206693
3.302778 -0.000226693
3.305556 -0.000181693
3.308333 -0.000076693
3.311111 0.000063307
3.313889 0.000248307
3.316667 0.000463307
3.319444 0.000743307
3.322222 0.001003307
3.325000 0.001193307
3.327778 0.001243307
3.330556 0.001113307
3.333333 0.000788307
3.336111 0.000338307
3.338889 -0.000006693
3.341667 -0.000151693
3.344444 -0.000166693
3.347222 -0.000091693
3.350000 -0.000046693
3.352778 -0.000036693
3.355556 -0.000046693
3.358333 -0.000061693
3.361111 -0.000066693
3.363889 -0.000061693
3.366667 -0.000051693
3.369444 -0.000051693
3.372222 -0.000056693
3.375000 -0.000066693
3.377778 -0.000076693
3.380556 -0.000066693
3.383333 -0.000061693
3.386111 -0.000066693
3.388889 -0.000056693
3.391667 -0.000071693
3.394444 -0.000086693
3.397222 -0.000086693
3.400000 -0.000071693
3.402778 -0.000066693
3.405556 -0.000066693
3.408333 -0.000071693
3.411111 -0.000091693
3.413889 -0.000081693
3.416667 -0.000071693
3.419444 -0.000066693
3.422222 -0.000066693
3.425000 -0.000076693
3.427778 -0.000071693
3.430556 -0.000076693
3.433333 -0.000061693
3.436111 -0.000056693
3.438889 -0.000061693
3.441667 -0.000066693
3.444444 -0.000081693
3.447222 -0.000066693
3.450000 -0.000061693
3.452778 -0.000056693
3.455556 -0.000061693
3.458333 -0.000076693
3.461111 -0.000076693
3.463889 -0.000066693
3.466667 -0.000056693
3.469444 -0.000051693
3.472222 -0.000046693
3.475000 -0.000066693
3.477778 -0.000076693
3.480556 -0.000066693
3.483333 -0.000066693
3.486111 -0.000051693
3.488889 -0.000056693
3.491667 -0.000051693
3.494444 -0.000056693
3.497222 -0.000056693
3.500000 -0.000051693
3.502778 -0.000036693
3.505556 -0.000046693
3.508333 -0.000061693
3.511111 -0.000056693
3.513889 -0.000051693
3.516667 -0.000061693
3.519444 -0.000046693
3.522222 -0.000051693
3.525000 -0.000056693
3.527778 -0.000071693
3.530556 -0.000061693
3.533333 -0.000056693
3.536111 -0.000061693
3.538889 -0.000051693
3.541667 -0.000056693
3.544444 -0.000061693
3.547222 -0.000066693
3.550000 -0.000066693
3.552778 -0.000051693
3.555556 -0.000056693
3.558333 -0.000056693
3.561111 -0.000061693
3.563889 -0.000061693
3.566667 -0.000061693
3.569444 -0.000061693
3.572222 -0.000056693
3.575000 -0.000071693
3.577778 -0.000076693
3.580556 -0.000066693
3.583333 -0.000066693
3.586111 -0.000056693
3.588889 -0.000056693
3.591667 -0.000066693
3.594444 -0.000066693
3.597222 -0.000071693
3.600000 -0.000051693
3.602778 -0.000046693
3.605556 -0.000046693
3.608333 -0.000056693
3.611111 -0.000066693
3.613889 -0.000031693
3.616667 -0.000026693
3.619444 -0.000006693
3.622222 -0.000006693
3.625000 -0.000011693
3.627778 -0.000006693
3.630556 -0.000006693
3.633333 0.000003307
3.636111 0.000003307
3.638889 0.000003307
3.641667 0.000018307
3.644444 0.000018307
3.647222 0.000033307
3.650000 0.000048307
3.652778 0.000053307
3.655556 0.000058307
3.658333 0.000043307
3.661111 0.000033307
3.663889 0.000053307
3.666667 0.000063307
3.669444 0.000068307
3.672222 0.000048307
3.675000 0.000038307
3.677778 0.000033307
3.680556 0.000033307
3.683333 0.000038307
3.686111 0.000048307
3.688889 0.000048307
3.691667 0.000048307
3.694444 0.000033307
3.697222 0.000038307
3.700000 0.000043307
3.702778 0.000048307
3.705556 0.000053307
3.708333 0.000043307
3.711111 0.000028307
3.713889 0.000033307
3.716667 0.000033307
3.719444 0.000043307
3.722222 0.000048307
3.725000 0.000038307
3.727778 0.000023307
3.730556 0.000038307
3.733333 0.000048307
3.736111 0.000048307
3.738889 0.000043307
3.741667 0.000033307
3.744444 0.000018307
3.747222 0.000023307
3.750000 0.000028307
3.752778 0.000023307
3.755556 0.000018307
3.758333 0.000028307
3.761111 0.000013307
3.763889 0.000023307
3.766667 0.000028307
3.769444 0.000023307
3.772222 0.000028307
3.775000 0.000008307
3.777778 -0.000001693
3.780556 0.000003307
3.783333 0.000003307
3.786111 0.000018307
3.788889 0.000013307
3.791667 0.000003307
3.794444 -0.000011693
3.797222 -0.000001693
3.800000 0.000013307
3.802778 0.000003307
3.805556 0.000013307
3.808333 0.000003307
3.811111 -0.000006693
3.813889 0.000008307
3.816667 0.000023307
3.819444 0.000018307
3.822222 0.000013307
3.825000 0.000008307
3.827778 -0.000006693
3.830556 0.000003307
3.833333 0.000003307
3.836111 0.000013307
3.838889 0.000013307
3.841667 -0.000006693
3.844444 -0.000001693
3.847222 -0.000001693
3.850000 0.000008307
3.852778 0.000013307
3.855556 -0.000001693
3.858333 -0.000001693
3.861111 -0.000001693
3.863889 0.000008307
3.866667 0.000013307
3.869444 0.000028307
3.872222 0.000033307
3.875000 0.000028307
3.877778 0.000013307
3.880556 0.000008307
3.883333 0.000018307
3.886111 0.000018307
3.888889 0.000008307
3.891667 0.000003307
3.894444 0.000003307
3.897222 0.000008307
3.900000 0.000023307
3.902778 0.000018307
3.905556 0.000023307
3.908333 0.000003307
3.911111 0.000008307
3.913889 0.000028307
3.916667 0.000053307
3.919444 0.000078307
3.922222 0.000063307
3.925000 0.000078307
3.927778 0.000068307
3.930556 0.000093307
3.933333 0.000093307
3.936111 0.000103307
3.938889 0.000108307
3.941667 0.000118307
3.944444 0.000123307
3.947222 0.000123307
3.950000 0.000138307
3.952778 0.000143307
3.955556 0.000138307
3.958333 0.000113307
3.961111 0.000103307
3.963889 0.000108307
3.966667 0.000108307
3.969444 0.000108307
3.972222 0.000108307
3.975000 0.000103307
3.977778 0.000093307
3.980556 0.000108307
3.983333 0.000138307
3.986111 0.000148307
3.988889 0.000133307
3.991667 0.000078307
3.994444 0.000063307
3.997222 0.000063307
4.000000 0.000048307
4.002778 0.000043307
4.005556 0.000033307
4.008333 0.000018307
4.011111 0.000018307
4.013889 0.000003307
4.016667 0.000013307
4.019444 0.000018307
4.022222 0.000023307
4.025000 0.000018307
4.027778 0.000003307
4.030556 0.000008307
4.033333 0.000008307
4.036111 0.000018307
4.038889 0.000018307
4.041667 0.000013307
4.044444 0.000003307
4.047222 -0.000006693
4.050000 -0.000001693
4.052778 -0.000001693
4.055556 -0.000001693
4.058333 -0.000006693
4.061111 -0.000021693
4.063889 -0.000016693
4.066667 -0.000006693
4.069444 0.000003307
4.072222 -0.000001693
4.075000 -0.000026693
4.077778 -0.000051693
4.080556 -0.000076693
4.083333 -0.000106693
4.086111 -0.000126693
4.088889 -0.000146693
4.091667 -0.000191693
4.094444 -0.000211693
4.097222 -0.000166693
4.100000 -0.000051693
4.102778 0.000083307
4.105556 0.000228307
4.108333 0.000423307
4.111111 0.000693307
4.113889 0.000973307
4.116667 0.001138307
4.119444 0.001183307
4.122222 0.001053307
4.125000 0.000768307
4.127778 0.000378307
4.130556 0.000048307
4.133333 -0.000111693
4.136111 -0.000141693
4.138889 -0.000096693
4.141667 -0.000066693
4.144444 -0.000046693
4.147222 -0.000036693
4.150000 -0.000036693
4.152778 -0.000026693
4.155556 -0.000031693
4.158333 -0.000031693
4.161111 -0.000041693
4.163889 -0.000026693
4.166667 -0.000021693
4.169444 -0.000021693
4.172222 -0.000016693
4.175000 -0.000016693
4.177778 -0.000036693
4.180556 -0.000026693
4.183333 -0.000021693
4.186111 -0.000016693
4.188889 -0.000021693
4.191667 -0.000031693
4.194444 -0.000046693
4.197222 -0.000041693
4.200000 -0.000046693
4.202778 -0.000031693
4.205556 -0.000026693
4.208333 -0.000046693
4.211111 -0.000041693
4.213889 -0.000031693
4.216667 -0.000036693
4.219444 -0.000031693
4.222222 -0.000036693
4.225000 -0.000031693
4.227778 -0.000041693
4.230556 -0.000016693
4.233333 -0.000016693
4.236111 -0.000011693
4.238889 -0.000021693
4.241667 -0.000031693
4.244444 -0.000031693
4.247222 -0.000026693
4.250000 -0.000016693
4.252778 -0.000026693
4.255556 -0.000036693
4.258333 -0.000036693
4.261111 -0.000051693
4.263889 -0.000036693
4.266667 -0.000031693
4.269444 -0.000026693
4.272222 -0.000046693
4.275000 -0.000046693
4.277778 -0.000051693
4.280556 -0.000046693
4.283333 -0.000036693
4.286111 -0.000026693
4.288889 -0.000026693
4.291667 -0.000026693
4.294444 -0.000021693
4.297222 -0.000016693
4.300000 -0.000006693
4.302778 -0.000016693
4.305556 -0.000026693
4.308333 -0.000031693
4.311111 -0.000031693
4.313889 -0.000036693
4.316667 -0.000036693
4.319444 -0.000041693
4.322222 -0.000031693
4.325000 -0.000041693
4.327778 -0.000046693
4.330556 -0.000026693
4.333333 -0.000026693
4.336111 -0.000011693
4.338889 -0.000031693
4.341667 -0.000026693
4.344444 -0.000036693
4.347222 -0.000031693
4.350000 -0.000021693
4.352778 -0.000016693
4.355556 -0.000031693
4.358333 -0.000046693
4.361111 -0.000061693
4.363889 -0.000066693
4.366667 -0.000036693
4.369444 -0.000041693
4.372222 -0.000036693
4.375000 -0.000051693
4.377778 -0.000066693
4.380556 -0.000051693
4.383333 -0.000051693
4.386111 -0.000031693
4.388889 -0.000026693
4.391667 -0.000046693
4.394444 -0.000046693
4.397222 -0.000041693
4.400000 -0.000026693
4.402778 -0.000011693
4.405556 -0.000011693
4.408333 -0.000011693
4.411111 -0.000016693
4.413889 0.000003307
4.416667 0.000008307
4.419444 0.000033307
4.422222 0.000028307
4.425000 0.000028307
4.427778 0.000018307
4.430556 0.000038307
4.433333 0.000043307
4.436111 0.000058307
4.438889 0.000058307
4.441667 0.000048307
4.444444 0.000053307
4.447222 0.000063307
4.450000 0.000068307
4.452778 0.000073307
4.455556 0.000073307
4.458333 0.000063307
4.461111 0.000053307
4.463889 0.000058307
4.466667 0.000063307
4.469444 0.000078307
4.472222 0.000068307
4.475000 0.000063307
4.477778 0.000043307
4.480556 0.000043307
4.483333 0.000053307
4.486111 0.000048307
4.488889 0.000043307
4.491667 0.000038307
4.494444 0.000028307
4.497222 0.000038307
4.500000 0.000043307
4.502778 0.000048307
4.505556 0.000048307
4.508333 0.000038307
4.511111 0.000028307
4.513889 0.000038307
4.516667 0.000033307
4.519444 0.000043307
4.522222 0.000028307
4.525000 0.000038307
4.527778 0.000028307
4.530556 0.000038307
4.533333 0.000033307
4.536111 0.000043307
4.538889 0.000038307
4.541667 0.000023307
4.544444 0.000013307
4.547222 0.000018307
4.550000 0.000018307
4.552778 0.000013307
4.555556 0.000003307
4.558333 -0.000001693
4.561111 0.000008307
4.563889 0.000008307
4.566667 0.000018307
4.569444 0.000008307
4.572222 0.000008307
4.575000 -0.000001693
4.577778 -0.000006693
4.580556 0.000008307
4.583333 -0.000001693
4.586111 0.000008307
4.588889 0.000008307
4.591667 0.000003307
4.594444 -0.000006693
4.597222 0.000003307
4.600000 0.000013307
4.602778 0.000003307
4.605556 0.000008307
4.608333 -0.000001693
4.611111 -0.000006693
4.613889 -0.000006693
4.616667 -0.000001693
4.619444 0.000013307
4.622222 0.000013307
4.625000 0.000018307
4.627778 0.000003307
4.630556 0.000018307
4.633333 0.000008307
4.636111 0.000003307
4.638889 0.000013307
4.641667 0.000008307
4.644444 -0.000001693
4.647222 0.000008307
4.650000 0.000018307
4.652778 0.000023307
4.655556 0.000018307
4.658333 0.000003307
4.661111 -0.000006693
4.663889 -0.000006693
4.666667 0.000013307
4.669444 0.000008307
4.672222 0.000028307
4.675000 0.000003307
4.677778 -0.000006693
4.680556 -0.000001693
4.683333 0.000028307
4.686111 0.000038307
4.688889 0.000058307
4.691667 0.000058307
4.694444 0.000053307
4.697222 0.000058307
4.700000 0.000068307
4.702778 0.000088307
4.705556 0.000098307
4.708333 0.000098307
4.711111 0.000083307
4.713889 0.000098307
4.716667 0.000113307
4.719444 0.000113307
4.722222 0.000108307
4.725000 0.000108307
4.727778 0.000088307
4.730556 0.000078307
4.733333 0.000088307
4.736111 0.000093307
4.738889 0.000083307
4.741667 0.000068307
4.744444 0.000053307
4.747222 0.000058307
4.750000 0.000073307
4.752778 0.000103307
4.755556 0.000103307
4.758333 0.000073307
4.761111 0.000038307
4.763889 0.000043307
4.766667 0.000043307
4.769444 0.000023307
4.772222 0.000008307
4.775000 -0.000006693
4.777778 -0.000021693
4.780556 -0.000021693
4.783333 -0.000006693
4.786111 0.000003307
4.788889 0.000008307
4.791667 0.000003307
4.794444 -0.000011693
4.797222 -0.000011693
4.800000 -0.000006693
4.802778 -0.000006693
4.805556 -0.000016693
4.808333 -0.000026693
4.811111 -0.000031693
4.813889 -0.000031693
4.816667 -0.000031693
4.819444 -0.000026693
4.822222 -0.000031693
4.825000 -0.000046693
4.827778 -0.000041693
4.830556 -0.000031693
4.833333 -0.000036693
4.836111 -0.000026693
4.838889 -0.000026693
4.841667 -0.000031693
4.844444 -0.000046693
4.847222 -0.000061693
4.850000 -0.000086693
4.852778 -0.000106693
4.855556 -0.000121693
4.858333 -0.000151693
4.861111 -0.000201693
4.863889 -0.000221693
4.866667 -0.000171693
4.869444 -0.000071693
4.872222 0.000058307
4.875000 0.000203307
4.877778 0.000403307
4.880556 0.000678307
4.883333 0.000933307
4.886111 0.001098307
4.888889 0.001153307
4.891667 0.001038307
4.894444 0.000728307
4.897222 0.000348307
4.900000 0.000063307
4.902778 -0.000096693
4.905556 -0.000151693
4.908333 -0.000146693
4.911111 -0.000116693
4.913889 -0.000076693
4.916667 -0.000056693
4.919444 -0.000051693
4.922222 -0.000056693
4.925000 -0.000056693
4.927778 -0.000071693
4.930556 -0.000081693
4.933333 -0.000061693
4.936111 -0.000066693
4.938889 -0.000066693
4.941667 -0.000066693
4.944444 -0.000066693
4.947222 -0.000051693
4.950000 -0.000051693
4.952778 -0.000041693
4.955556 -0.000061693
4.958333 -0.000061693
4.961111 -0.000066693
4.963889 -0.000051693
4.966667 -0.000051693
4.969444 -0.000046693
4.972222 -0.000056693
4.975000 -0.000066693
4.977778 -0.000071693
4.980556 -0.000071693
4.983333 -0.000066693
4.986111 -0.000066693
4.988889 -0.000076693
4.991667 -0.000071693
4.994444 -0.000081693
4.997222 -0.000086693
5.000000 -0.000071693
5.002778 -0.000076693
5.005556 -0.000071693
5.008333 -0.000086693
5.011111 -0.000086693
5.013889 -0.000081693
5.016667 -0.000056693
5.019444 -0.000061693
5.022222 -0.000071693
5.025000 -0.000076693
5.027778 -0.000076693
5.030556 -0.000071693
5.033333 -0.000071693
5.036111 -0.000066693
5.038889 -0.000086693
5.041667 -0.000081693
5.044444 -0.000086693
5.047222 -0.000076693
5.050000 -0.000071693
5.052778 -0.000076693
5.055556 -0.000071693
5.058333 -0.000081693
5.061111 -0.000086693
5.063889 -0.000086693
5.066667 -0.000071693
5.069444 -0.000071693
5.072222 -0.000076693
5.075000 -0.000081693
5.077778 -0.000081693
5.080556 -0.000076693
5.083333 -0.000061693
5.086111 -0.000051693
5.088889 -0.000061693
5.091667 -0.000066693
5.094444 -0.000076693
5.097222 -0.000071693
5.100000 -0.000061693
5.102778 -0.000061693
5.105556 -0.000066693
5.108333 -0.000071693
5.111111 -0.000071693
5.113889 -0.000081693
5.116667 -0.000081693
5.119444 -0.000086693
5.122222 -0.000096693
5.125000 -0.000101693
5.127778 -0.000111693
5.130556 -0.000111693
5.133333 -0.000106693
5.136111 -0.000101693
5.138889 -0.000111693
5.141667 -0.000126693
5.144444 -0.000146693
5.147222 -0.000136693
5.150000 -0.000121693
5.152778 -0.000106693
5.155556 -0.000116693
5.158333 -0.000131693
5.161111 -0.000121693
5.163889 -0.000126693
5.166667 -0.000106693
5.169444 -0.000106693
5.172222 -0.000106693
5.175000 -0.000111693
5.177778 -0.000111693
5.180556 -0.000096693
5.183333 -0.000096693
5.186111 -0.000066693
5.188889 -0.000056693
5.191667 -0.000066693
5.194444 -0.000051693
5.197222 -0.000041693
5.200000 -0.000031693
5.202778 -0.000016693
5.205556 -0.000016693
5.208333 -0.000006693
5.211111 -0.000001693
5.213889 -0.000006693
5.216667 0.000013307
5.219444 0.000023307
5.222222 0.000018307
5.225000 0.000028307
5.227778 0.000023307
5.230556 0.000028307
5.233333 0.000028307
5.236111 0.000033307
5.238889 0.000033307
5.241667 0.000033307
5.244444 0.000028307
5.247222 0.000028307
5.250000 0.000033307
5.252778 0.000048307
5.255556 0.000048307
5.258333 0.000038307
5.261111 0.000028307
5.263889 0.000033307
5.266667 0.000043307
5.269444 0.000043307
5.272222 0.000043307
5.275000 0.000028307
5.277778 0.000013307
5.280556 0.000013307
5.283333 0.000018307
5.286111 0.000038307
5.288889 0.000028307
5.291667 0.000013307
5.294444 0.000003307
5.297222 0.000008307
5.300000 0.000023307
5.302778 0.000028307
5.305556 0.000018307
5.308333 0.000013307
5.311111 0.000013307
5.313889 0.000008307
5.316667 0.000018307
5.319444 0.000023307
5.322222 0.000013307
5.325000 0.000013307
5.327778 0.000003307
5.330556 0.000008307
5.333333 0.000008307
5.336111 0.000023307
5.338889 0.000018307
5.341667 0.000013307
5.344444 0.000008307
5.347222 0.000013307
5.350000 0.000013307
5.352778 0.000023307
5.355556 0.000018307
5.358333 0.000003307
5.361111 -0.000006693
5.363889 -0.000001693
5.366667 -0.000001693
5.369444 0.000003307
5.372222 0.000008307
5.375000 -0.000006693
5.377778 -0.000016693
5.380556 -0.000011693
5.383333 -0.000001693
5.386111 -0.000001693
5.388889 0.000008307
5.391667 -0.000011693
5.394444 -0.000011693
5.397222 -0.000006693
5.400000 0.000008307
5.402778 0.000013307
5.405556 0.000013307
5.408333 -0.000001693
5.411111 -0.000011693
5.413889 -0.000006693
5.416667 0.000018307
5.419444 0.000008307
5.422222 0.000013307
5.425000 0.000003307
5.427778 -0.000011693
5.430556 -0.000011693
5.433333 -0.000011693
5.436111 -0.000001693
5.438889 -0.000006693
5.441667 -0.000006693
5.444444 -0.000016693
5.447222 -0.000006693
5.450000 0.000003307
5.452778 0.000008307
5.455556 0.000003307
5.458333 -0.000001693
5.461111 -0.000006693
5.463889 0.000003307
5.466667 0.000008307
5.469444 0.000013307
5.472222 0.000008307
5.475000 0.000003307
5.477778 -0.000001693
5.480556 0.000003307
5.483333 0.000008307
5.486111 0.000023307
5.488889 0.000023307
5.491667 0.000013307
5.494444 0.000008307
5.497222 0.000018307
5.500000 0.000038307
5.502778 0.000043307
5.505556 0.000053307
5.508333 0.000043307
5.511111 0.000043307
5.513889 0.000058307
5.516667 0.000078307
5.519444 0.000078307
5.522222 0.000083307
5.525000 0.000078307
5.527778 0.000083307
5.530556 0.000093307
5.533333 0.000103307
5.536111 0.000113307
5.538889 0.000113307
5.541667 0.000108307
5.544444 0.000103307
5.547222 0.000098307
5.550000 0.000098307
5.552778 0.000103307
5.555556 0.000098307
5.558333 0.000098307
5.561111 0.000088307
5.563889 0.000088307
5.566667 0.000078307
5.569444 0.000108307
5.572222 0.000098307
5.575000 0.000088307
5.577778 0.000063307
5.580556 0.000083307
5.583333 0.000108307
5.586111 0.000128307
5.588889 0.000113307
5.591667 0.000093307
5.594444 0.000058307
5.597222 0.000043307
5.600000 0.000038307
5.602778 0.000033307
5.605556 0.000013307
5.608333 -0.000001693
5.611111 0.000003307
5.613889 -0.000016693
5.616667 -0.000006693
5.619444 -0.000016693
5.622222 -0.000001693
5.625000 -0.000006693
5.627778 -0.000001693
5.630556 -0.000006693
5.633333 -0.000006693
5.636111 0.000008307
5.638889 0.000013307
5.641667 -0.000001693
5.644444 -0.000001693
5.647222 -0.000011693
5.650000 -0.000001693
5.652778 -0.000001693
5.655556 -0.000011693
5.658333 -0.000011693
5.661111 -0.000041693
5.663889 -0.000036693
5.666667 -0.000011693
5.669444 -0.000006693
5.672222 -0.000006693
5.675000 -0.000016693
5.677778 -0.000031693
5.680556 -0.000021693
5.683333 -0.000026693
5.686111 -0.000036693
5.688889 -0.000066693
5.691667 -0.000106693
5.694444 -0.000131693
5.697222 -0.000151693
5.700000 -0.000166693
5.702778 -0.000191693
5.705556 -0.000196693
5.708333 -0.000136693
5.711111 -0.000006693
5.713889 0.000153307
5.716667 0.000328307
5.719444 0.000568307
5.722222 0.000833307
5.725000 0.001058307
5.727778 0.001203307
5.730556 0.001253307
5.733333 0.001153307
5.736111 0.000843307
5.738889 0.000438307
5.741667 0.000088307
5.744444 -0.000106693
5.747222 -0.000136693
5.750000 -0.000101693
5.752778 -0.000061693
5.755556 -0.000041693
5.758333 -0.000046693
5.761111 -0.000056693
5.763889 -0.000061693
5.766667 -0.000036693
5.769444 -0.000036693
5.772222 -0.000051693
5.775000 -0.000056693
5.777778 -0.000066693
5.780556 -0.000061693
5.783333 -0.000046693
5.786111 -0.000051693
5.788889 -0.000051693
5.791667 -0.000046693
5.794444 -0.000061693
5.797222 -0.000051693
5.800000 -0.000056693
5.802778 -0.000046693
5.805556 -0.000051693
5.808333 -0.000061693
5.811111 -0.000056693
5.813889 -0.000046693
5.816667 -0.000041693
5.819444 -0.000041693
5.822222 -0.000036693
5.825000 -0.000036693
5.827778 -0.000051693
5.830556 -0.000046693
5.833333 -0.000036693
5.836111 -0.000031693
5.838889 -0.000031693
5.841667 -0.000031693
5.844444 -0.000041693
5.847222 -0.000041693
5.850000 -0.000041693
5.852778 -0.000031693
5.855556 -0.000036693
5.858333 -0.000046693
5.861111 -0.000051693
5.863889 -0.000041693
5.866667 -0.000031693
5.869444 -0.000036693
5.872222 -0.000031693
5.875000 -0.000036693
5.877778 -0.000051693
5.880556 -0.000056693
5.883333 -0.000041693
5.886111 -0.000031693
5.888889 -0.000026693
5.891667 -0.000031693
5.894444 -0.000051693
5.897222 -0.000051693
5.900000 -0.000036693
5.902778 -0.000031693
5.905556 -0.000026693
5.908333 -0.000041693
5.911111 -0.000051693
5.913889 -0.000046693
5.916667 -0.000041693
5.919444 -0.000031693
5.922222 -0.000036693
5.925000 -0.000046693
5.927778 -0.000046693
5.930556 -0.000051693
5.933333 -0.000046693
5.936111 -0.000031693
5.938889 -0.000031693
5.941667 -0.000041693
5.944444 -0.000041693
5.947222 -0.000036693
5.950000 -0.000026693
5.952778 -0.000031693
5.955556 -0.000026693
5.958333 -0.000036693
5.961111 -0.000051693
5.963889 -0.000046693
5.966667 -0.000036693
5.969444 -0.000041693
5.972222 -0.000046693
5.975000 -0.000046693
5.977778 -0.000061693
5.980556 -0.000066693
5.983333 -0.000056693
5.986111 -0.000051693
5.988889 -0.000056693
5.991667 -0.000066693
5.994444 -0.000076693
5.997222 -0.000056693
6.000000 -0.000066693
6.002778 -0.000061693
6.005556 -0.000051693
6.008333 -0.000066693
6.011111 -0.000066693
6.013889 -0.000061693
6.016667 -0.000051693
6.019444 -0.000041693
6.022222 -0.000031693
6.025000 -0.000016693
6.027778 -0.000011693
6.030556 0.000003307
6.033333 0.000023307
6.036111 0.000028307
6.038889 0.000028307
6.041667 0.000033307
6.044444 0.000028307
6.047222 0.000038307
6.050000 0.000038307
6.052778 0.000058307
6.055556 0.000063307
6.058333 0.000048307
6.061111 0.000043307
6.063889 0.000058307
6.066667 0.000068307
6.069444 0.000073307
6.072222 0.000068307
6.075000 0.000058307
6.077778 0.000053307
6.080556 0.000073307
6.083333 0.000083307
6.086111 0.000073307
6.088889 0.000078307
6.091667 0.000068307
6.094444 0.000053307
6.097222 0.000068307
6.100000 0.000068307
6.102778 0.000068307
6.105556 0.000068307
6.108333 0.000063307
6.111111 0.000053307
6.113889 0.000058307
6.116667 0.000078307
6.119444 0.000068307
6.122222 0.000073307
6.125000 0.000068307
6.127778 0.000048307
6.130556 0.000053307
6.133333 0.000048307
6.136111 0.000053307
6.138889 0.000053307
6.141667 0.000043307
6.144444 0.000033307
6.147222 0.000043307
6.150000 0.000053307
6.152778 0.000048307
6.155556 0.000048307
6.158333 0.000038307
6.161111 0.000033307
6.163889 0.000033307
6.166667 0.000038307
6.169444 0.000033307
6.172222 0.000038307
6.175000 0.000033307
6.177778 0.000018307
6.180556 0.000028307
6.183333 0.000033307
6.186111 0.000048307
6.188889 0.000038307
6.191667 0.000023307
6.194444 0.000028307
6.197222 0.000028307
6.200000 0.000023307
6.202778 0.000028307
6.205556 0.000033307
6.208333 0.000013307
6.211111 0.000003307
6.213889 0.000008307
6.216667 0.000008307
6.219444 0.000028307
6.222222 0.000023307
6.225000 0.000008307
6.227778 -0.000001693
6.230556 0.000003307
6.233333 0.000008307
6.236111 0.000018307
6.238889 0.000018307
6.241667 0.000003307
6.244444 -0.000001693
6.247222 0.000003307
6.250000 -0.000001693
6.252778 0.000028307
6.255556 0.000018307
6.258333 0.000018307
6.261111 0.000003307
6.263889 0.000008307
6.266667 0.000018307
6.269444 0.000018307
6.272222 0.000028307
6.275000 0.000008307
6.277778 -0.000006693
6.280556 0.000003307
6.283333 0.000013307
6.286111 0.000013307
6.288889 0.000013307
6.291667 0.000003307
6.294444 -0.000006693
6.297222 -0.000001693
6.300000 0.000008307
6.302778 0.000018307
6.305556 0.000023307
6.308333 0.000003307
6.311111 -0.000001693
6.313889 0.000013307
6.316667 0.000018307
6.319444 0.000028307
6.322222 0.000023307
6.325000 0.000023307
6.327778 0.000008307
6.330556 0.000023307
6.333333 0.000023307
6.336111 0.000033307
6.338889 0.000023307
6.341667 0.000023307
6.344444 0.000008307
6.347222 0.000018307
6.350000 0.000033307
6.352778 0.000038307
6.355556 0.000043307
6.358333 0.000038307
6.361111 0.000053307
6.363889 0.000073307
6.366667 0.000088307
6.369444 0.000078307
6.372222 0.000078307
6.375000 0.000078307
6.377778 0.000073307
6.380556 0.000098307
6.383333 0.000098307
6.386111 0.000103307
6.388889 0.000118307
6.391667 0.000118307
6.394444 0.000108307
6.397222 0.000113307
6.400000 0.000123307
6.402778 0.000113307
6.405556 0.000108307
6.408333 0.000103307
6.411111 0.000093307
6.413889 0.000093307
6.416667 0.000118307
6.419444 0.000118307
6.422222 0.000108307
6.425000 0.000093307
6.427778 0.000098307
6.430556 0.000123307
6.433333 0.000138307
6.436111 0.000143307
6.438889 0.000113307
6.441667 0.000073307
6.444444 0.000053307
6.447222 0.000043307
6.450000 0.000038307
6.452778 0.000033307
6.455556 0.000018307
6.458333 0.000008307
6.461111 -0.000006693
6.463889 -0.000001693
6.466667 -0.000006693
6.469444 0.000008307
6.472222 -0.000006693
6.475000 -0.000011693
6.477778 -0.000021693
6.480556 -0.000016693
6.483333 -0.000011693
6.486111 -0.000006693
6.488889 -0.000001693
6.491667 -0.000021693
6.494444 -0.000026693
6.497222 -0.000021693
6.500000 -0.000011693
6.502778 -0.000016693
6.505556 -0.000011693
6.508333 -0.000021693
6.511111 -0.000021693
6.513889 -0.000016693
6.516667 -0.000016693
6.519444 -0.000011693
6.522222 -0.000016693
6.525000 -0.000026693
6.527778 -0.000056693
6.530556 -0.000076693
6.533333 -0.000111693
6.536111 -0.000121693
6.538889 -0.000131693
6.541667 -0.000131693
6.544444 -0.000156693
6.547222 -0.000161693
6.550000 -0.000191693
6.552778 -0.000231693
6.555556 -0.000256693
6.558333 -0.000226693
6.561111 -0.000171693
6.563889 -0.000056693
6.566667 0.000068307
6.569444 0.000198307
6.572222 0.000378307
6.575000 0.000603307
6.577778 0.000843307
6.580556 0.001058307
6.583333 0.001178307
6.586111 0.001208307
6.588889 0.001048307
6.591667 0.000743307
6.594444 0.000333307
6.597222 0.000033307
6.600000 -0.000116693
6.602778 -0.000131693
6.605556 -0.000116693
6.608333 -0.000066693
6.611111 -0.000061693
6.613889 -0.000051693
6.616667 -0.000051693
6.619444 -0.000051693
6.622222 -0.000041693
6.625000 -0.000041693
6.627778 -0.000051693
6.630556 -0.000066693
6.633333 -0.000046693
6.636111 -0.000041693
6.638889 -0.000046693
6.641667 -0.000046693
6.644444 -0.000056693
6.647222 -0.000066693
6.650000 -0.000041693
6.652778 -0.000046693
6.655556 -0.000036693
6.658333 -0.000056693
6.661111 -0.000061693
6.663889 -0.000056693
6.666667 -0.000036693
6.669444 -0.000036693
6.672222 -0.000041693
6.675000 -0.000046693
6.677778 -0.000061693
6.680556 -0.000051693
6.683333 -0.000036693
6.686111 -0.000031693
6.688889 -0.000036693
6.691667 -0.000046693
6.694444 -0.000061693
6.697222 -0.000046693
6.700000 -0.000036693
6.702778 -0.000036693
6.705556 -0.000046693
6.708333 -0.000066693
6.711111 -0.000071693
6.713889 -0.000056693
6.716667 -0.000036693
6.719444 -0.000046693
6.722222 -0.000041693
6.725000 -0.000036693
6.727778 -0.000046693
6.730556 -0.000046693
6.733333 -0.000036693
6.736111 -0.000026693
6.738889 -0.000026693
6.741667 -0.000046693
6.744444 -0.000041693
6.747222 -0.000056693
6.750000 -0.000036693
6.752778 -0.000041693
6.755556 -0.000046693
6.758333 -0.000046693
6.761111 -0.000051693
6.763889 -0.000041693
6.766667 -0.000036693
6.769444 -0.000041693
6.772222 -0.000046693
6.775000 -0.000066693
6.777778 -0.000061693
6.780556 -0.000046693
6.783333 -0.000036693
6.786111 -0.000016693
6.788889 -0.000041693
6.791667 -0.000041693
6.794444 -0.000066693
6.797222 -0.000061693
6.800000 -0.000056693
6.802778 -0.000041693
6.805556 -0.000041693
6.808333 -0.000046693
6.811111 -0.000056693
6.813889 -0.000046693
6.816667 -0.000036693
6.819444 -0.000041693
6.822222 -0.000031693
6.825000 -0.000041693
6.827778 -0.000051693
6.830556 -0.000051693
6.833333 -0.000046693
6.836111 -0.000051693
6.838889 -0.000061693
6.841667 -0.000071693
6.844444 -0.000066693
6.847222 -0.000061693
6.850000 -0.000051693
6.852778 -0.000051693
6.855556 -0.000046693
6.858333 -0.000046693
6.861111 -0.000071693
6.863889 -0.000056693
6.866667 -0.000051693
6.869444 -0.000036693
6.872222 -0.000046693
6.875000 -0.000041693
6.877778 -0.000051693
6.880556 -0.000031693
6.883333 -0.000021693
6.886111 -0.000006693
6.888889 -0.000001693
6.891667 0.000003307
6.894444 -0.000006693
6.897222 0.000008307
6.900000 0.000023307
6.902778 0.000033307
6.905556 0.000028307
6.908333 0.000028307
6.911111 0.000043307
6.913889 0.000048307
6.916667 0.000053307
6.919444 0.000058307
6.922222 0.000058307
6.925000 0.000043307
6.927778 0.000043307
6.930556 0.000033307
6.933333 0.000058307
6.936111 0.000058307
6.938889 0.000053307
6.941667 0.000048307
6.944444 0.000038307
6.947222 0.000043307
6.950000 0.000063307
6.952778 0.000063307
6.955556 0.000073307
6.958333 0.000063307
6.961111 0.000058307
6.963889 0.000063307
6.966667 0.000063307
6.969444 0.000058307
6.972222 0.000053307
6.975000 0.000038307
6.977778 0.000023307
6.980556 0.000028307
6.983333 0.000043307
6.986111 0.000038307
6.988889 0.000038307
6.991667 0.000038307
6.994444 0.000033307
6.997222 0.000033307
7.000000 0.000038307
7.002778 0.000048307
7.005556 0.000033307
7.008333 0.000018307
7.011111 0.000008307
7.013889 0.000018307
7.016667 0.000028307
7.019444 0.000038307
7.022222 0.000018307
7.025000 0.000028307
7.027778 0.000008307
7.030556 0.000018307
7.033333 0.000023307
7.036111 0.000028307
7.038889 0.000033307
7.041667 0.000023307
7.044444 -0.000006693
7.047222 0.000003307
7.050000 0.000008307
7.052778 0.000013307
7.055556 0.000018307
7.058333 0.000003307
7.061111 -0.000011693
7.063889 -0.000001693
7.066667 -0.000001693
7.069444 0.000003307
7.072222 -0.000001693
7.075000 -0.000006693
7.077778 -0.000016693
7.080556 -0.000011693
7.083333 -0.000006693
7.086111 0.000008307
7.088889 0.000003307
7.091667 0.000003307
7.094444 -0.000016693
7.097222 -0.000001693
7.100000 0.000008307
7.102778 0.000003307
7.105556 0.000008307
7.108333 -0.000001693
7.111111 -0.000016693
7.113889 -0.000006693
7.116667 -0.000006693
7.119444 0.000003307
7.122222 0.000008307
7.125000 -0.000001693
7.127778 -0.000011693
7.130556 -0.000001693
7.133333 -0.000001693
7.136111 0.000008307
7.138889 -0.000011693
7.141667 -0.000011693
7.144444 -0.000026693
7.147222 -0.000021693
7.150000 -0.000011693
7.152778 -0.000001693
7.155556 0.000003307
7.158333 -0.000016693
7.161111 -0.000016693
7.163889 -0.000011693
7.166667 0.000008307
7.169444 0.000008307
7.172222 0.000003307
7.175000 -0.000011693
7.177778 -0.000001693
7.180556 0.000003307
7.183333 0.000018307
7.186111 0.000033307
7.188889 0.000038307
7.191667 0.000053307
7.194444 0.000058307
7.197222 0.000053307
7.200000 0.000058307
7.202778 0.000063307
7.205556 0.000058307
7.208333 0.000068307
7.211111 0.000063307
7.213889 0.000078307
7.216667 0.000088307
7.219444 0.000113307
7.222222 0.000108307
7.225000 0.000093307
7.227778 0.000083307
7.230556 0.000093307
7.233333 0.000093307
7.236111 0.000088307
7.238889 0.000093307
7.241667 0.000078307
7.244444 0.000078307
7.247222 0.000088307
7.250000 0.000083307
7.252778 0.000068307
7.255556 0.000068307
7.258333 0.000063307
7.261111 0.000083307
7.263889 0.000098307
7.266667 0.000113307
7.269444 0.000103307
7.272222 0.000078307
7.275000 0.000053307
7.277778 0.000038307
7.280556 0.000038307
7.283333 0.000048307
7.286111 0.000048307
7.288889 0.000028307
7.291667 -0.000001693
7.294444 -0.000016693
7.297222 -0.000021693
7.300000 -0.000011693
7.302778 -0.000011693
7.305556 -0.000016693
7.308333 -0.000031693
7.311111 -0.000041693
7.313889 -0.000031693
7.316667 -0.000031693
7.319444 -0.000026693
7.322222 -0.000031693
7.325000 -0.000036693
7.327778 -0.000046693
7.330556 -0.000041693
7.333333 -0.000036693
7.336111 -0.000031693
7.338889 -0.000021693
7.341667 -0.000041693
7.344444 -0.000051693
7.347222 -0.000051693
7.350000 -0.000036693
7.352778 -0.000026693
7.355556 -0.000031693
7.358333 -0.000051693
7.361111 -0.000066693
7.363889 -0.000091693
7.366667 -0.000121693
7.369444 -0.000141693
7.372222 -0.000171693
7.375000 -0.000221693
7.377778 -0.000246693
7.380556 -0.000231693
7.383333 -0.000166693
7.386111 -0.000046693
7.388889 0.000063307
7.391667 0.000193307
7.394444 0.000408307
7.397222 0.000678307
7.400000 0.000918307
7.402778 0.001068307
7.405556 0.001113307
7.408333 0.001018307
7.411111 0.000758307
7.413889 0.000413307
7.416667 0.000133307
7.419444 -0.000051693
7.422222 -0.000151693
7.425000 -0.000171693
7.427778 -0.000151693
7.430556 -0.000121693
7.433333 -0.000106693
7.436111 -0.000091693
7.438889 -0.000091693
7.441667 -0.000091693
7.444444 -0.000101693
7.447222 -0.000081693
7.450000 -0.000076693
7.452778 -0.000086693
7.455556 -0.000091693
7.458333 -0.000086693
7.461111 -0.000101693
7.463889 -0.000076693
7.466667 -0.000076693
7.469444 -0.000071693
7.472222 -0.000076693
7.475000 -0.000076693
7.477778 -0.000091693
7.480556 -0.000081693
7.483333 -0.000081693
7.486111 -0.000091693
7.488889 -0.000081693
7.491667 -0.000086693
7.494444 -0.000091693
7.497222 -0.000091693
7.500000 -0.000081693
7.502778 -0.000071693
7.505556 -0.000071693
7.508333 -0.000081693
7.511111 -0.000081693
7.513889 -0.000076693
7.516667 -0.000071693
7.519444 -0.000066693
7.522222 -0.000071693
7.525000 -0.000091693
7.527778 -0.000091693
7.530556 -0.000091693
7.533333 -0.000096693
7.536111 -0.000091693
7.538889 -0.000086693
7.541667 -0.000101693
7.544444 -0.000101693
7.547222 -0.000101693
7.550000 -0.000096693
7.552778 -0.000091693
7.555556 -0.000096693
7.558333 -0.000106693
7.561111 -0.000106693
7.563889 -0.000101693
7.566667 -0.000106693
7.569444 -0.000101693
7.572222 -0.000091693
7.575000 -0.000091693
7.577778 -0.000096693
7.580556 -0.000091693
7.583333 -0.000091693
7.586111 -0.000081693
7.588889 -0.000086693
7.591667 -0.000086693
7.594444 -0.000106693
7.597222 -0.000101693
7.600000 -0.000091693
7.602778 -0.000081693
7.605556 -0.000086693
7.608333 -0.000096693
7.611111 -0.000101693
7.613889 -0.000091693
7.616667 -0.000091693
7.619444 -0.000081693
7.622222 -0.000091693
7.625000 -0.000096693
7.627778 -0.000101693
7.630556 -0.000091693
7.633333 -0.000081693
7.636111 -0.000071693
7.638889 -0.000081693
7.641667 -0.000096693
7.644444 -0.000101693
7.647222 -0.000096693
7.650000 -0.000096693
7.652778 -0.000081693
7.655556 -0.000096693
7.658333 -0.000111693
7.661111 -0.000131693
7.663889 -0.000121693
7.666667 -0.000121693
7.669444 -0.000116693
7.672222 -0.000116693
7.675000 -0.000121693
7.677778 -0.000131693
7.680556 -0.000116693
7.683333 -0.000121693
7.686111 -0.000111693
7.688889 -0.000121693
7.691667 -0.000126693
7.694444 -0.000126693
7.697222 -0.000121693
7.700000 -0.000116693
7.702778 -0.000101693
7.705556 -0.000096693
7.708333 -0.000091693
7.711111 -0.000086693
7.713889 -0.000061693
7.716667 -0.000056693
7.719444 -0.000051693
7.722222 -0.000051693
7.725000 -0.000051693
7.727778 -0.000041693
7.730556 -0.000036693
7.733333 -0.000006693
7.736111 0.000013307
7.738889 0.000008307
7.741667 -0.000001693
7.744444 -0.000006693
7.747222 -0.000006693
7.750000 0.000003307
7.752778 0.000018307
7.755556 0.000013307
7.758333 -0.000001693
7.761111 -0.000011693
7.763889 -0.000011693
7.766667 0.000008307
7.769444 0.000008307
7.772222 0.000008307
7.775000 0.000013307
7.777778 0.000008307
7.780556 -0.000001693
7.783333 0.000013307
7.786111 0.000018307
7.788889 0.000018307
7.791667 0.000013307
7.794444 -0.000001693
7.797222 -0.000001693
7.800000 0.000003307
7.802778 0.000003307
7.805556 0.000008307
7.808333 -0.000011693
7.811111 -0.000016693
7.813889 -0.000016693
7.816667 -0.000001693
7.819444 0.000003307
7.822222 0.000003307
7.825000 -0.000006693
7.827778 -0.000011693
7.830556 -0.000016693
7.833333 -0.000001693
7.836111 0.000018307
7.838889 0.000018307
7.841667 -0.000001693
7.844444 -0.000001693
7.847222 -0.000011693
7.850000 -0.000001693
7.852778 -0.000001693
7.855556 -0.000006693
7.858333 -0.000021693
7.861111 -0.000036693
7.863889 -0.000026693
7.866667 -0.000031693
7.869444 -0.000026693
7.872222 -0.000026693
7.875000 -0.000041693
7.877778 -0.000041693
7.880556 -0.000026693
7.883333 -0.000021693
7.886111 -0.000021693
7.888889 -0.000036693
7.891667 -0.000031693
7.894444 -0.000031693
7.897222 -0.000036693
7.900000 -0.000021693
7.902778 -0.000016693
7.905556 -0.000021693
7.908333 -0.000031693
7.911111 -0.000036693
7.913889 -0.000036693
7.916667 -0.000036693
7.919444 -0.000026693
7.922222 -0.000026693
7.925000 -0.000031693
7.927778 -0.000041693
7.930556 -0.000046693
7.933333 -0.000046693
7.936111 -0.000031693
7.938889 -0.000031693
7.941667 -0.000041693
7.944444 -0.000051693
7.947222 -0.000041693
7.950000 -0.000031693
7.952778 -0.000016693
7.955556 -0.000031693
7.958333 -0.000031693
7.961111 -0.000026693
7.963889 -0.000021693
7.966667 -0.000021693
7.969444 -0.000021693
7.972222 -0.000021693
7.975000 -0.000026693
7.977778 -0.000031693
7.980556 -0.000041693
7.983333 -0.000031693
7.986111 -0.000016693
7.988889 -0.000026693
7.991667 -0.000031693
7.994444 -0.000031693
7.997222 -0.000036693
8.000000 -0.000021693
8.002778 -0.000016693
8.005556 -0.000011693
8.008333 -0.000021693
8.011111 -0.000036693
8.013889 -0.000036693
8.016667 -0.000011693
8.019444 0.000003307
8.022222 0.000003307
8.025000 0.000003307
8.027778 -0.000001693
8.030556 0.000018307
8.033333 0.000018307
8.036111 0.000038307
8.038889 0.000053307
8.041667 0.000038307
8.044444 0.000033307
8.047222 0.000053307
8.050000 0.000083307
8.052778 0.000088307
8.055556 0.000088307
8.058333 0.000073307
8.061111 0.000063307
8.063889 0.000068307
8.066667 0.000073307
8.069444 0.000068307
8.072222 0.000063307
8.075000 0.000053307
8.077778 0.000048307
8.080556 0.000028307
8.083333 0.000038307
8.086111 0.000043307
8.088889 0.000058307
8.091667 0.000063307
8.094444 0.000058307
8.097222 0.000043307
8.100000 0.000023307
8.102778 0.000018307
8.105556 0.000013307
8.108333 -0.000016693
8.111111 -0.000036693
8.113889 -0.000031693
8.116667 -0.000031693
8.119444 -0.000031693
8.122222 -0.000036693
8.125000 -0.000051693
8.127778 -0.000051693
8.130556 -0.000041693
8.133333 -0.000046693
8.136111 -0.000036693
8.138889 -0.000046693
8.141667 -0.000056693
8.144444 -0.000066693
8.147222 -0.000061693
8.150000 -0.000056693
8.152778 -0.000036693
8.155556 -0.000051693
8.158333 -0.000066693
8.161111 -0.000071693
8.163889 -0.000071693
8.166667 -0.000051693
8.169444 -0.000041693
8.172222 -0.000051693
8.175000 -0.000061693
8.177778 -0.000066693
8.180556 -0.000061693
8.183333 -0.000056693
8.186111 -0.000051693
8.188889 -0.000061693
8.191667 -0.000086693
8.194444 -0.000126693
8.197222 -0.000146693
8.200000 -0.000161693
8.202778 -0.000166693
8.205556 -0.000206693
8.208333 -0.000236693
8.211111 -0.000216693
8.213889 -0.000131693
8.216667 -0.000006693
8.219444 0.000133307
8.222222 0.000293307
8.225000 0.000503307
8.227778 0.000748307
8.230556 0.000978307
8.233333 0.001133307
8.236111 0.001168307
8.238889 0.001068307
8.241667 0.000803307
8.244444 0.000428307
8.247222 0.000108307
8.250000 -0.000071693
8.252778 -0.000141693
8.255556 -0.000166693
8.258333 -0.000151693
8.261111 -0.000131693
8.263889 -0.000106693
8.266667 -0.000096693
8.269444 -0.000086693
8.272222 -0.000096693
8.275000 -0.000096693
8.277778 -0.000101693
8.280556 -0.000081693
8.283333 -0.000076693
8.286111 -0.000066693
8.288889 -0.000076693
8.291667 -0.000081693
8.294444 -0.000101693
8.297222 -0.000091693
8.300000 -0.000081693
8.302778 -0.000081693
8.305556 -0.000086693
8.308333 -0.000086693
8.311111 -0.000116693
8.313889 -0.000101693
8.316667 -0.000091693
8.319444 -0.000086693
8.322222 -0.000096693
8.325000 -0.000111693
8.327778 -0.000121693
8.330556 -0.000116693
8.333333 -0.000096693
8.336111 -0.000101693
8.338889 -0.000111693
8.341667 -0.000096693
8.344444 -0.000111693
8.347222 -0.000106693
8.350000 -0.000101693
8.352778 -0.000101693
8.355556 -0.000096693
8.358333 -0.000106693
8.361111 -0.000106693
8.363889 -0.000101693
8.366667 -0.000091693
8.369444 -0.000091693
8.372222 -0.000091693
8.375000 -0.000101693
8.377778 -0.000111693
8.380556 -0.000101693
8.383333 -0.000096693
8.386111 -0.000076693
8.388889 -0.000086693
8.391667 -0.000096693
8.394444 -0.000111693
8.397222 -0.000101693
8.400000 -0.000101693
8.402778 -0.000096693
8.405556 -0.000101693
8.408333 -0.000106693
8.411111 -0.000121693
8.413889 -0.000111693
8.416667 -0.000106693
8.419444 -0.000096693
8.422222 -0.000101693
8.425000 -0.000106693
8.427778 -0.000121693
8.430556 -0.000111693
8.433333 -0.000111693
8.436111 -0.000106693
8.438889 -0.000101693
8.441667 -0.000096693
8.444444 -0.000106693
8.447222 -0.000111693
8.450000 -0.000106693
8.452778 -0.000096693
8.455556 -0.000086693
8.458333 -0.000086693
8.461111 -0.000106693
8.463889 -0.000096693
8.466667 -0.000101693
8.469444 -0.000101693
8.472222 -0.000101693
8.475000 -0.000116693
8.477778 -0.000116693
8.480556 -0.000121693
8.483333 -0.000101693
8.486111 -0.000111693
8.488889 -0.000131693
8.491667 -0.000136693
8.494444 -0.000146693
8.497222 -0.000146693
8.500000 -0.000146693
8.502778 -0.000146693
8.505556 -0.000146693
8.508333 -0.000151693
8.511111 -0.000171693
8.513889 -0.000166693
8.516667 -0.000141693
8.519444 -0.000136693
8.522222 -0.000141693
8.525000 -0.000136693
8.527778 -0.000136693
8.530556 -0.000121693
8.533333 -0.000106693
8.536111 -0.000096693
8.538889 -0.000081693
8.541667 -0.000086693
8.544444 -0.000081693
8.547222 -0.000066693
8.550000 -0.000046693
8.552778 -0.000046693
8.555556 -0.000041693
8.558333 -0.000051693
8.561111 -0.000056693
8.563889 -0.000036693
8.566667 -0.000021693
8.569444 -0.000011693
8.572222 -0.000011693
8.575000 -0.000011693
8.577778 -0.000021693
8.580556 -0.000016693
8.583333 -0.000001693
8.586111 0.000013307
8.588889 0.000003307
8.591667 -0.000001693
8.594444 -0.000001693
8.597222 -0.000001693
8.600000 0.000003307
8.602778 0.000008307
8.605556 0.000008307
8.608333 0.000003307
8.611111 -0.000011693
8.613889 -0.000001693
8.616667 -0.000001693
8.619444 0.000008307
8.622222 -0.000001693
8.625000 -0.000011693
8.627778 -0.000021693
8.630556 -0.000011693
8.633333 -0.000006693
8.636111 -0.000006693
8.638889 -0.000001693
8.641667 -0.000021693
8.644444 -0.000031693
8.647222 -0.000021693
8.650000 -0.000001693
8.652778 0.000003307
8.655556 -0.000006693
8.658333 -0.000021693
8.661111 -0.000026693
8.663889 -0.000026693
8.666667 -0.000021693
8.669444 -0.000011693
8.672222 -0.000016693
8.675000 -0.000026693
8.677778 -0.000041693
8.680556 -0.000036693
8.683333 -0.000021693
8.686111 -0.000011693
8.688889 -0.000016693
8.691667 -0.000026693
8.694444 -0.000046693
8.697222 -0.000051693
8.700000 -0.000031693
8.702778 -0.000021693
8.705556 -0.000016693
8.708333 -0.000041693
8.711111 -0.000036693
8.713889 -0.000021693
8.716667 -0.000016693
8.719444 -0.000016693
8.722222 -0.000001693
8.725000 -0.000016693
8.727778 -0.000036693
8.730556 -0.000031693
8.733333 -0.000026693
8.736111 -0.000021693
8.738889 -0.000016693
8.741667 -0.000031693
8.744444 -0.000051693
8.747222 -0.000041693
8.750000 -0.000036693
8.752778 -0.000031693
8.755556 -0.000026693
8.758333 -0.000046693
8.761111 -0.000041693
8.763889 -0.000041693
8.766667 -0.000031693
8.769444 -0.000026693
8.772222 -0.000036693
8.775000 -0.000036693
8.777778 -0.000046693
8.780556 -0.000041693
8.783333 -0.000026693
8.786111 -0.000026693
8.788889 -0.000031693
8.791667 -0.000036693
8.794444 -0.000041693
8.797222 -0.000036693
8.800000 -0.000031693
8.802778 -0.000016693
8.805556 -0.000016693
8.808333 -0.000036693
8.811111 -0.000026693
8.813889 -0.000021693
8.816667 -0.000011693
8.819444 -0.000021693
8.822222 -0.000026693
8.825000 -0.000031693
8.827778 -0.000036693
8.830556 -0.000031693
8.833333 -0.000016693
8.836111 -0.000011693
8.838889 -0.000011693
8.841667 -0.000011693
8.844444 -0.000011693
8.847222 0.000013307
8.850000 0.000033307
8.852778 0.000043307
8.855556 0.000038307
8.858333 0.000033307
8.861111 0.000028307
8.863889 0.000043307
8.866667 0.000058307
8.869444 0.000073307
8.872222 0.000078307
8.875000 0.000078307
8.877778 0.000078307
8.880556 0.000083307
8.883333 0.000093307
8.886111 0.000098307
8.888889 0.000088307
8.891667 0.000078307
8.894444 0.000063307
8.897222 0.000063307
8.900000 0.000078307
8.902778 0.000078307
8.905556 0.000068307
8.908333 0.000048307
8.911111 0.000048307
8.913889 0.000078307
8.916667 0.000088307
8.919444 0.000093307
8.922222 0.000053307
8.925000 0.000023307
8.927778 0.000013307
8.930556 -0.000006693
8.933333 0.000003307
8.936111 -0.000006693
8.938889 -0.000011693
8.941667 -0.000026693
8.944444 -0.000041693
8.947222 -0.000046693
8.950000 -0.000036693
8.952778 -0.000026693
8.955556 -0.000021693
8.958333 -0.000016693
8.961111 -0.000041693
8.963889 -0.000036693
8.966667 -0.000026693
8.969444 -0.000016693
8.972222 -0.000036693
8.975000 -0.000031693
8.977778 -0.000056693
8.980556 -0.000056693
8.983333 -0.000046693
8.986111 -0.000046693
8.988889 -0.000031693
8.991667 -0.000051693
8.994444 -0.000061693
8.997222 -0.000046693
9.000000 -0.000051693
9.002778 -0.000036693
9.005556 -0.000051693
9.008333 -0.000061693
9.011111 -0.000066693
9.013889 -0.000066693
9.016667 -0.000081693
9.019444 -0.000111693
9.022222 -0.000146693
9.025000 -0.000166693
9.027778 -0.000201693
9.030556 -0.000236693
9.033333 -0.000206693
9.036111 -0.000116693
9.038889 0.000013307
9.041667 0.000163307
9.044444 0.000328307
9.047222 0.000578307
9.050000 0.000853307
9.052778 0.001078307
9.055556 0.001208307
9.058333 0.001223307
9.061111 0.001023307
9.063889 0.000678307
9.066667 0.000288307
9.069444 -0.000001693
9.072222 -0.000136693
9.075000 -0.000156693
9.077778 -0.000121693
9.080556 -0.000076693
9.083333 -0.000061693
9.086111 -0.000061693
9.088889 -0.000066693
9.091667 -0.000076693
9.094444 -0.000081693
9.097222 -0.000086693
9.100000 -0.000076693
9.102778 -0.000091693
9.105556 -0.000071693
9.108333 -0.000076693
9.111111 -0.000086693
9.113889 -0.000086693
9.116667 -0.000076693
9.119444 -0.000066693
9.122222 -0.000066693
9.125000 -0.000086693
9.127778 -0.000086693
9.130556 -0.000081693
9.133333 -0.000066693
9.136111 -0.000061693
9.138889 -0.000066693
9.141667 -0.000086693
9.144444 -0.000091693
9.147222 -0.000081693
9.150000 -0.000076693
9.152778 -0.000066693
9.155556 -0.000076693
9.158333 -0.000091693
9.161111 -0.000086693
9.163889 -0.000086693
9.166667 -0.000076693
9.169444 -0.000071693
9.172222 -0.000076693
9.175000 -0.000076693
9.177778 -0.000086693
9.180556 -0.000091693
9.183333 -0.000081693
9.186111 -0.000066693
9.188889 -0.000076693
9.191667 -0.000081693
9.194444 -0.000076693
9.197222 -0.000066693
9.200000 -0.000066693
9.202778 -0.000056693
9.205556 -0.000056693
9.208333 -0.000061693
9.211111 -0.000076693
9.213889 -0.000066693
9.216667 -0.000071693
9.219444 -0.000066693
9.222222 -0.000061693
9.225000 -0.000071693
9.227778 -0.000081693
9.230556 -0.000081693
9.233333 -0.000071693
9.236111 -0.000046693
9.238889 -0.000056693
9.241667 -0.000066693
9.244444 -0.000081693
9.247222 -0.000081693
9.250000 -0.000071693
9.252778 -0.000061693
9.255556 -0.000056693
9.258333 -0.000066693
9.261111 -0.000076693
9.263889 -0.000061693
9.266667 -0.000051693
9.269444 -0.000046693
9.272222 -0.000046693
9.275000 -0.000056693
9.277778 -0.000066693
9.280556 -0.000056693
9.283333 -0.000056693
9.286111 -0.000046693
9.288889 -0.000051693
9.291667 -0.000056693
9.294444 -0.000081693
9.297222 -0.000076693
9.300000 -0.000086693
9.302778 -0.000051693
9.305556 -0.000066693
9.308333 -0.000081693
9.311111 -0.000091693
9.313889 -0.000081693
9.316667 -0.000076693
9.319444 -0.000056693
9.322222 -0.000061693
9.325000 -0.000066693
9.327778 -0.000086693
9.330556 -0.000066693
9.333333 -0.000056693
9.336111 -0.000051693
9.338889 -0.000046693
9.341667 -0.000046693
9.344444 -0.000031693
9.347222 -0.000036693
9.350000 -0.000001693
9.352778 0.000008307
9.355556 0.000008307
9.358333 0.000013307
9.361111 0.000008307
9.363889 0.000028307
9.366667 0.000038307
9.369444 0.000038307
9.372222 0.000048307
9.375000 0.000038307
9.377778 0.000033307
9.380556 0.000038307
9.383333 0.000033307
9.386111 0.000053307
9.388889 0.000048307
9.391667 0.000043307
9.394444 0.000028307
9.397222 0.000028307
9.400000 0.000043307
9.402778 0.000043307
9.405556 0.000048307
9.408333 0.000043307
9.411111 0.000028307
9.413889 0.000033307
9.416667 0.000033307
9.419444 0.000058307
9.422222 0.000058307
9.425000 0.000043307
9.427778 0.000033307
9.430556 0.000043307
9.433333 0.000053307
9.436111 0.000048307
9.438889 0.000038307
9.441667 0.000028307
9.444444 0.000023307
9.447222 0.000018307
9.450000 0.000038307
9.452778 0.000038307
9.455556 0.000043307
9.458333 0.000028307
9.461111 0.000018307
9.463889 0.000013307
9.466667 0.000033307
9.469444 0.000033307
9.472222 0.000033307
9.475000 0.000023307
9.477778 0.000018307
9.480556 0.000018307
9.483333 0.000023307
9.486111 0.000038307
9.488889 0.000023307
9.491667 0.000028307
9.494444 0.000013307
9.497222 0.000013307
9.500000 0.000018307
9.502778 0.000033307
9.505556 0.000033307
9.508333 0.000008307
9.511111 0.000003307
9.513889 0.000013307
9.516667 0.000013307
9.519444 0.000023307
9.522222 0.000018307
9.525000 -0.000001693
9.527778 -0.000016693
9.530556 -0.000001693
9.533333 -0.000001693
9.536111 0.000008307
9.538889 0.000003307
9.541667 0.000008307
9.544444 -0.000011693
9.547222 -0.000001693
9.550000 0.000008307
9.552778 0.000013307
9.555556 0.000013307
9.558333 0.000003307
9.561111 0.000003307
9.563889 0.000003307
9.566667 0.000013307
9.569444 0.000013307
9.572222 0.000018307
9.575000 0.000008307
9.577778 0.000008307
9.580556 0.000008307
9.583333 0.000008307
9.586111 0.000023307
9.588889 0.000018307
9.591667 -0.000006693
9.594444 -0.000006693
9.597222 -0.000011693
9.600000 -0.000001693
9.602778 0.000008307
9.605556 0.000013307
9.608333 0.000003307
9.611111 -0.000011693
9.613889 -0.000001693
9.616667 0.000008307
9.619444 0.000013307
9.622222 0.000018307
9.625000 0.000023307
9.627778 -0.000001693
9.630556 0.000008307
9.633333 0.000018307
9.636111 0.000043307
9.638889 0.000048307
9.641667 0.000058307
9.644444 0.000068307
9.647222 0.000083307
9.650000 0.000088307
9.652778 0.000093307
9.655556 0.000088307
9.658333 0.000088307
9.661111 0.000078307
9.663889 0.000088307
9.666667 0.000093307
9.669444 0.000113307
9.672222 0.000113307
9.675000 0.000118307
9.677778 0.000108307
9.680556 0.000123307
9.683333 0.000118307
9.686111 0.000128307
9.688889 0.000118307
9.691667 0.000108307
9.694444 0.000093307
9.697222 0.000093307
9.700000 0.000098307
9.702778 0.000098307
9.705556 0.000098307
9.708333 0.000088307
9.711111 0.000068307
9.713889 0.000073307
9.716667 0.000088307
9.719444 0.000113307
9.722222 0.000133307
9.725000 0.000123307
9.727778 0.000093307
9.730556 0.000068307
9.733333 0.000063307
9.736111 0.000053307
9.738889 0.000043307
9.741667 0.000013307
9.744444 -0.000001693
9.747222 -0.000006693
9.750000 -0.000006693
9.752778 -0.000011693
9.755556 -0.000011693
9.758333 -0.000006693
9.761111 -0.000016693
9.763889 -0.000021693
9.766667 -0.000016693
9.769444 -0.000001693
9.772222 -0.000016693
9.775000 -0.000026693
9.777778 -0.000036693
9.780556 -0.000031693
9.783333 -0.000036693
9.786111 -0.000031693
9.788889 -0.000026693
9.791667 -0.000021693
9.794444 -0.000036693
9.797222 -0.000031693
9.800000 -0.000021693
9.802778 -0.000021693
9.805556 -0.000021693
9.808333 -0.000036693
9.811111 -0.000081693
9.813889 -0.000116693
9.816667 -0.000136693
9.819444 -0.000151693
9.822222 -0.000181693
9.825000 -0.000221693
9.827778 -0.000226693
9.830556 -0.000146693
9.833333 -0.000036693
9.836111 0.000108307
9.838889 0.000283307
9.841667 0.000503307
9.844444 0.000753307
9.847222 0.000993307
9.850000 0.001138307
9.852778 0.001143307
9.855556 0.000958307
9.858333 0.000638307
9.861111 0.000248307
9.863889 -0.000021693
9.866667 -0.000126693
9.869444 -0.000126693
9.872222 -0.000091693
9.875000 -0.000061693
9.877778 -0.000056693
9.880556 -0.000056693
9.883333 -0.000051693
9.886111 -0.000046693
9.888889 -0.000041693
9.891667 -0.000051693
9.894444 -0.000056693
9.897222 -0.000051693
9.900000 -0.000041693
9.902778 -0.000031693
9.905556 -0.000036693
9.908333 -0.000046693
9.911111 -0.000061693
9.913889 -0.000061693
9.916667 -0.000051693
9.919444 -0.000046693
9.922222 -0.000046693
9.925000 -0.000061693
9.927778 -0.000066693
9.930556 -0.000071693
9.933333 -0.000061693
9.936111 -0.000056693
9.938889 -0.000056693
9.941667 -0.000061693
9.944444 -0.000071693
9.947222 -0.000061693
9.950000 -0.000056693
9.952778 -0.000051693
9.955556 -0.000046693
9.958333 -0.000056693
9.961111 -0.000066693
9.963889 -0.000046693
9.966667 -0.000041693
9.969444 -0.000031693
9.972222 -0.000036693
9.975000 -0.000036693
9.977778 -0.000051693
9.980556 -0.000046693
9.983333 -0.000031693
9.986111 -0.000041693
9.988889 -0.000046693
9.991667 -0.000046693
9.994444 -0.000056693
9.997222 -0.000056693
